50,4477301081011	52,8030280629933	63,1492200347573	75,6448225071377	48,8595224764869	191,780233768097	179,941653589061	213,611142908963	35,7679675227372	54,0246668353382	210,127704790062	112,633480610462	59,3174255584753	121,59340745647	3,06489083947559	205,330231059784	193,561181219894	91,9330515969419	110,276977570462	16,4064849969028	104,189496133953	110,23490629818	26,277859075852	104,235736139077	33,2139324447676	207,998014244701	203,737631509258	67,3770108226287	204,162554051903	89,7978691584278	133,642907447006
111,46445850262	146,992363578078	124,544963651664	199,923502439788	179,970760124145	84,2331997945545	114,933271052862	27,2350383113075	75,5559894649776	95,3019657431115	128,139798345998	175,052775888613	143,526542199858	57,0731194922092	175,438509231105	110,605247181539	161,691429065907	146,683408836548	25,6188570283247	170,662268494087	77,4149397501733	193,172552043129	8,91787910898584	16,3939087909508	21,8172475206217	19,6440143503076	27,4084742317675	6,16333637823024	29,5068423374524	133,435409821914	198,287538972726
132,258840474671	106,361797866423	194,37426841709	131,912676486621	162,272535584866	2,86247603280072	186,769205274424	57,0091337013749	128,488689631921	191,940200937776	12,0818916889442	152,215282613012	94,4984210967062	196,762696838222	71,903451697599	11,5699568955893	55,5993947463469	50,5211716883855	57,5373574877182	171,198570858251	187,342392178295	176,780564567114	14,9076979911505	129,174765007385	156,942377338614	118,757235667168	44,2225530383961	139,97259722796	67,8247055246672	186,510929327999	133,540010491211
144,474020719595	38,8022609282246	25,5850432417311	126,073436199794	118,834597463902	131,321040132648	103,567703931299	35,6632214533992	128,848360067058	196,338005060798	118,127292086948	67,6104313402224	89,8641075529038	69,2608464543596	108,802974191052	130,994121006719	88,8379121639039	112,864690409199	203,517662589628	127,323340620296	197,823543510069	180,817718549926	70,6293394668261	158,756056952287	207,075557695679	214,106648295573	3,960664985223	13,6816890400919	134,526290078759	114,747400337463	0,0797572075478218
71,037704156052	12,4434664856508	181,631975928242	40,1884408882507	196,84470206203	22,1431857447704	181,110836454697	77,607679370904	59,6389493257087	120,062394097485	50,5012821994753	159,054544685981	7,98230344741454	11,7625543075014	93,0795009967488	37,3374987286031	154,474068448995	116,531840381996	21,8039887921212	202,818409263464	21,8271702257017	95,8807556345425	64,499181622613	50,5082819448981	36,1929891927078	85,7796869888258	61,1399340859792	35,9128035145634	155,9761228669	135,293820391734	194,205783876602
109,763431409583	133,738540583779	207,49805251639	139,546096426715	0,0232851482868189	126,008792020025	99,9326734058056	64,4285078288291	55,9050699091911	152,031730120752	141,491774345532	46,1113215011227	84,2382034307825	114,71326503528	95,6828759528547	52,5913252054609	32,9669588084684	169,509385591264	125,183372346437	57,2281113477533	165,949278769099	156,408424910355	176,979747065074	73,0464168816261	86,7222444451976	22,4138165061397	143,802264555504	106,709949187808	37,6452031095676	163,665658247226	159,429626129226
32,2124466856562	191,392095042223	188,21693891542	171,246135020943	26,7180214973408	76,156893326319	168,294399120075	74,869718427731	69,4751401850375	62,2931063927235	99,1136110448147	196,900674695089	2,87988474571524	198,615549895391	133,904570875302	198,161695537052	155,688497653088	39,2352849855967	96,2224780402916	38,2608454290373	172,705713878663	103,385915985206	196,859451888886	3,19550315712939	119,87035854005	42,4866429000328	171,378230658349	10,1434550511454	9,91064106513254	153,496937695257	50,5718726225914
116,99870874202	104,360282143666	27,8787925019371	208,117147737777	94,824088864813	64,4301939906129	118,434023943089	43,0483914679515	205,035481443449	163,209653204889	13,5547974875289	8,37266286471295	182,976903762714	61,773971604782	57,5435632172832	132,893105368022	68,65273501928	74,8552292838006	106,749701040243	175,95177436502	100,455155984798	0,576357183212686	132,654188170442	130,214764225448	100,277222037303	11,3186467878561	102,272129936557	1,65756345082197	63,3510480555358	179,409724395381	206,519166191796
151,706223509343	25,1620422134723	136,674952237879	151,690728532212	60,0005151471043	62,3180667329694	152,709819064923	83,7692647656589	4,99292668728834	213,103156255248	205,501530656744	147,663032931717	94,3929282814824	103,484635232848	42,4988084356379	180,118790528927	71,939388843354	206,157342479794	17,9836988696426	179,047601705793	114,647342771207	21,0492337375544	136,886492941457	50,0508679781651	50,5787038316163	30,3129607041863	89,1142107345247	129,294121885982	209,663160437266	146,564866517299	60,1549521289693
126,87209009944	52,584829074718	8,1308223085734	176,424284406167	131,575146149523	145,849427513949	50,7247847988216	84,5077372096807	36,1601042510903	201,780332557044	143,001173958613	163,30969242162	167,241555832886	36,3439469450771	69,2644076583637	86,0344659545842	121,704746789362	18,399912967078	145,969974718253	85,8635766290681	92,5769456029737	153,660683470921	44,7470460870807	213,962610906986	187,280695091798	159,151584752636	104,912258392828	159,60469096893	93,8574705938215	99,8201589055095	210,014169697165
60,7878966543282	165,925399056313	88,2322178798367	83,066022611778	163,793205196953	71,7003266446368	118,065967376137	144,110788681552	188,169684700139	146,680395325974	31,5087763097088	145,734330118562	110,669423448421	96,1366684812734	48,8097617559844	84,0803949231552	12,0861703194844	187,225642328404	146,68792700817	172,926178634369	58,0750460388226	5,02132177937716	213,101130228349	94,9973235388524	185,37990250448	126,474640984156	121,732289226894	100,296295171803	136,194485483691	73,3368573513623	154,400246116067
96,8257091000827	54,587913083507	39,6734933821274	58,2976307630176	160,039180794335	146,043006824899	183,291308911515	164,453648679447	105,326600639265	42,5003075120476	51,0090955299603	70,1491162427475	51,0521834058164	14,539643219261	65,2514311692157	25,1322493662639	44,6138700216661	175,79325780507	146,21079288673	95,8283210691294	36,4992830536658	35,4143131389237	181,166826240574	105,995116516588	202,338232910454	111,783388006035	199,324373894988	139,508060254864	113,921880938196	39,37742918189	38,0502054477937
106,107876740957	185,566881371626	21,8845785096389	213,664935139773	83,6594023700754	42,0323980159333	63,3651516599904	142,171700835068	151,580355142248	18,4256952463718	189,998072056431	134,379323348071	144,124586128171	9,95952958484477	163,108366619362	98,4386820085144	179,882380634374	168,807878863652	182,695153787566	89,4251438340789	40,2408802404964	21,5182994531933	11,6077557203236	136,219251757766	180,777042838798	76,0657745715917	160,90752399586	202,146273343986	92,4239743891415	136,169460321754	210,909129283565
65,3591251296308	8,91581339126698	105,218244101438	50,0969063379659	189,728323867323	178,12603909776	67,4422780884407	177,186732499078	159,586148375043	53,1034067950155	74,5771252794837	209,454552865365	32,4765721415202	186,915177341188	66,3717285069103	95,0094471896722	112,455286977299	192,242767252297	139,164822417694	173,765393361161	0,557275871206693	47,2820961880504	91,6027509726824	87,4777221120358	134,951623491203	36,3075412880812	175,03664625726	179,257672652311	38,2938701860571	181,686881097631	50,3365782594856
28,7860169507184	125,588075108723	23,8601131000987	20,155250465554	119,580616548971	5,08715488869293	34,2573446744752	39,2574579931091	213,520339885736	125,517524974781	163,902682252512	143,681635376692	0,91002674036673	130,540495618538	24,9375872338897	157,12777475594	98,4505058839426	131,147548365807	62,6316505410766	173,621211170887	182,881539286921	184,537935548394	77,1994177980304	103,276189415998	42,5717176802467	120,894800153255	21,0144769449383	208,533777491843	120,376346691154	146,554804196268	73,0891275949635
60,9694805616812	48,9098939170487	81,9394000731548	204,887396189544	201,842789952119	103,57585012313	18,2136251988886	94,1738201939156	81,6956693164917	5,48760674417733	37,0446752140368	29,3169706278041	202,749013155082	213,945860184103	64,230444851343	20,0099451646816	111,990298246877	140,383927359982	71,2788679737325	112,70943787073	168,858318117676	136,851325877397	196,730637425776	197,349336337314	20,1581377234181	191,858285068177	144,656006122533	162,083548641443	207,101870116684	44,9347094712889	1,9902178005618
181,977221642237	51,3526405222224	77,6153291283037	118,883753248434	70,575530282651	172,191590705004	196,597592200453	52,1654287418323	50,4548770486264	211,917885842495	135,751256497567	212,475539075672	158,372344849861	121,686539074306	106,124533522251	4,63987983231245	212,701678421976	81,9640947441914	80,6791951866999	170,848278027631	128,728569780659	128,646852564612	69,5392448488815	127,906862495205	153,82003553261	127,090678616218	100,74527134882	149,779171555081	165,471360205467	94,2027262803846	120,654146133247
43,3681443065737	174,14351025463	11,8861100360953	28,3197922202285	99,6430859895293	103,189666220019	202,660006390788	57,7463254682244	37,0896963719098	131,042143708084	125,842915106597	9,08824926261604	6,40462983929373	96,4272010975371	91,6436588451913	112,855076454822	15,7532171759293	108,180783285133	110,957988477034	100,454494604093	132,459914768766	4,03745874448783	163,82081744246	121,925366718226	175,90138557219	13,9680070497015	173,514463208265	84,1946833438327	186,871520630057	58,3636108679845	114,507635272159
194,033483233274	174,074792081415	36,6225062968453	40,0136279556123	135,682918678093	208,688051322497	35,4473303167919	29,3245665333371	95,6701579369869	10,229530279373	28,5084959427221	54,7583179416735	208,167843286796	165,451881785806	138,34834674137	196,71306097427	134,184301405447	54,5046519144949	175,35482482631	135,817509451993	59,5923808241973	194,112810224241	167,353269934881	63,9851212761318	113,714918241647	3,17369275218652	166,365765516541	15,9791851935167	135,945969888941	199,457376437721	189,188165111144
191,491470085931	4,47557499449095	190,400398555233	77,6974243046746	126,122174732085	98,9498417338905	95,0617285764421	135,467479498264	137,789818714536	183,64844471879	115,878254635558	184,987505492104	122,907968622176	137,786605952055	44,2314154600548	43,6338362534065	199,706053986975	177,222314023061	184,872065239832	133,544529261187	200,464553341893	139,197967643335	58,4111008347717	83,7189561522749	154,152639022254	185,881434114432	21,7243600312482	35,8920069208752	46,3967565395687	142,62953604307	23,9977692419254
156,812191049062	141,52006073663	40,9570442495334	209,88390223091	70,2304401407155	153,509294903617	152,786732295552	157,400571758512	135,974175302788	49,9730268998173	87,8514975477867	177,106635426416	78,8601048565761	133,273968307793	166,434923480002	175,197364361303	107,163548647311	184,715325592034	141,99631966551	149,623851003698	23,3258595002884	27,5723139490213	199,153810074089	177,519619808005	181,85821859035	9,76901364730884	158,130140893347	108,159067420134	11,1192460901092	121,310335318267	97,9848308413964
