1 5.000
2 5.000
3 5.000
4 6.000
5 5.000
6 6.000
7 5.000
8 5.000
9 5.000
10 5.000
11 5.000
12 5.000
13 6.000
14 6.000
15 6.000
16 6.000
17 6.000
18 6.000
19 6.000
20 5.000
21 5.000
22 6.000
23 6.000
24 5.000
25 6.000
26 5.000
27 5.000
28 5.000
29 5.000
30 6.000
31 5.000
32 6.000
33 6.000
34 6.000
35 6.000
36 5.000
37 6.000
38 5.000
39 5.000
40 5.000
41 5.000
42 5.000
43 6.000
44 6.000
45 6.000
46 5.000
47 6.000
48 5.000
49 5.000
50 5.000
51 6.000
52 6.000
53 5.000
54 6.000
55 5.000
56 5.000
57 6.000
58 5.000
59 5.000
60 5.000
61 6.000
62 5.000
63 5.000
64 5.000
65 5.000
66 5.000
67 5.000
68 5.000
69 5.000
70 6.000
71 6.000
72 6.000
73 5.000
74 5.000
75 6.000
76 5.000
77 6.000
78 5.000
79 5.000
80 6.000
81 5.000
82 5.000
83 5.000
84 5.000
85 5.000
86 5.000
87 5.000
88 6.000
89 6.000
90 5.000
91 6.000
92 6.000
93 5.000
94 5.000
95 6.000
96 5.000
97 6.000
98 5.000
99 6.000
100 6.000
101 6.000
102 6.000
103 6.000
104 6.000
105 6.000
106 6.000
107 6.000
108 6.000
109 6.000
110 6.000
111 6.000
112 6.000
113 6.000
114 6.000
115 6.000
116 6.000
117 6.000
118 6.000
119 6.000
120 7.000
121 6.000
122 7.000
123 6.000
124 7.000
125 6.000
126 6.000
127 6.000
128 6.000
129 6.000
130 6.000
131 6.000
132 6.000
133 6.000
134 6.000
135 6.000
136 7.000
137 6.000
138 6.000
139 6.000
140 6.000
141 6.000
142 6.000
143 6.000
144 7.000
145 6.000
146 7.000
147 7.000
148 7.000
149 7.000
150 7.000
151 7.000
152 8.000
153 8.000
154 7.000
155 7.000
156 8.000
157 7.000
158 8.000
159 7.000
160 8.000
161 7.000
162 7.000
163 7.000
164 7.000
165 8.000
166 8.000
167 9.000
168 9.000
169 9.000
170 9.000
171 10.000
172 10.000
173 10.000
174 10.000
175 10.000
176 10.000
177 12.000
178 12.000
179 12.000
180 11.000
181 12.000
182 12.000
183 13.000
184 12.000
185 14.000
186 13.000
187 13.000
188 13.000
189 13.000
190 13.000
191 14.000
192 14.000
193 13.000
194 14.000
195 13.000
196 15.000
197 17.000
198 17.000
199 19.000
200 21.000
201 24.000
202 25.000
203 27.000
204 28.000
205 30.000
206 30.000
207 30.000
208 30.000
209 31.000
210 33.000
211 33.000
212 32.000
213 31.000
214 32.000
215 34.000
216 34.000
217 35.000
218 35.000
219 36.000
220 35.000
221 33.000
222 33.000
223 35.000
224 38.000
225 39.000
226 39.000
227 35.000
228 37.000
229 39.000
230 42.000
231 42.000
232 41.000
233 40.000
234 41.000
235 42.000
236 47.000
237 51.000
238 51.000
239 53.000
240 55.000
241 58.000
242 60.000
243 62.000
244 64.000
245 62.000
246 64.000
247 66.000
248 64.000
249 64.000
250 64.000
251 62.000
252 58.000
253 58.000
254 58.000
255 57.000
256 61.000
257 62.000
258 63.000
259 66.000
260 69.000
261 69.000
262 71.000
263 74.000
264 74.000
265 75.000
266 79.000
267 82.000
268 83.000
269 85.000
270 86.000
271 88.000
272 92.000
273 96.000
274 99.000
275 104.000
276 105.000
277 108.000
278 110.000
279 112.000
280 109.000
281 108.000
282 109.000
283 110.000
284 109.000
285 107.000
286 108.000
287 104.000
288 106.000
289 109.000
290 108.000
291 110.000
292 109.000
293 106.000
294 106.000
295 106.000
296 110.000
297 111.000
298 116.000
299 120.000
300 125.000
301 126.000
302 127.000
303 128.000
304 128.000
305 131.000
306 130.000
307 133.000
308 132.000
309 134.000
310 131.000
311 134.000
312 133.000
313 139.000
314 140.000
315 140.000
316 142.000
317 143.000
318 140.000
319 134.000
320 136.000
321 134.000
322 134.000
323 128.000
324 132.000
325 131.000
326 132.000
327 139.000
328 136.000
329 136.000
330 139.000
331 138.000
332 136.000
333 138.000
334 144.000
335 142.000
336 148.000
337 145.000
338 147.000
339 150.000
340 148.000
341 145.000
342 142.000
343 142.000
344 139.000
345 134.000
346 132.000
347 132.000
348 137.000
349 138.000
350 143.000
351 145.000
352 141.000
353 145.000
354 145.000
355 149.000
356 151.000
357 146.000
358 149.000
359 149.000
360 154.000
361 155.000
362 157.000
363 161.000
364 156.000
365 155.000
366 158.000
367 155.000
368 157.000
369 155.000
370 155.000
371 155.000
372 149.000
373 152.000
374 151.000
375 150.000
376 148.000
377 149.000
378 148.000
379 148.000
380 153.000
381 148.000
382 149.000
383 148.000
384 147.000
385 146.000
386 144.000
387 143.000
388 140.000
389 141.000
390 143.000
391 139.000
392 144.000
393 140.000
394 141.000
395 138.000
396 137.000
397 137.000
398 139.000
399 136.000
400 138.000
401 134.000
402 136.000
403 137.000
404 135.000
405 134.000
406 133.000
407 131.000
408 129.000
409 131.000
410 127.000
411 127.000
412 125.000
413 123.000
414 124.000
415 123.000
416 124.000
417 126.000
418 125.000
419 123.000
420 126.000
421 122.000
422 120.000
423 118.000
424 115.000
425 115.000
426 112.000
427 110.000
428 105.000
429 104.000
430 103.000
431 100.000
432 94.000
433 92.000
434 87.000
435 79.000
436 76.000
437 68.000
438 68.000
439 62.000
440 59.000
441 57.000
442 53.000
443 52.000
444 50.000
445 47.000
446 46.000
447 42.000
448 42.000
449 38.000
450 35.000
451 33.000
452 30.000
453 29.000
454 25.000
455 23.000
456 21.000
457 19.000
458 17.000
459 16.000
460 14.000
461 14.000
462 12.000
463 10.000
464 10.000
465 9.000
466 9.000
467 7.000
468 8.000
469 7.000
470 7.000
471 8.000
472 7.000
473 6.000
474 6.000
475 6.000
476 6.000
477 6.000
478 6.000
479 6.000
480 6.000
481 6.000
482 6.000
483 6.000
484 6.000
485 5.000
486 6.000
487 6.000
488 6.000
489 6.000
490 6.000
491 5.000
492 6.000
493 6.000
494 6.000
495 6.000
496 6.000
497 6.000
498 6.000
499 6.000
500 5.000
501 5.000
502 6.000
503 6.000
504 5.000
505 5.000
506 5.000
507 5.000
508 5.000
509 5.000
510 6.000
511 6.000
512 5.000
513 6.000
514 5.000
515 5.000
516 5.000
517 5.000
518 5.000
519 5.000
520 5.000
521 5.000
522 6.000
523 5.000
524 5.000
525 5.000
526 5.000
527 6.000
528 5.000
529 6.000
530 6.000
531 6.000
532 5.000
533 6.000
534 6.000
535 6.000
536 6.000
537 6.000
538 6.000
539 6.000
540 5.000
541 6.000
542 6.000
543 5.000
544 6.000
545 6.000
546 6.000
547 5.000
548 6.000
549 6.000
550 6.000
551 6.000
552 5.000
553 6.000
554 6.000
555 6.000
556 6.000
557 6.000
558 6.000
559 6.000
560 6.000
561 6.000
562 5.000
563 5.000
564 5.000
565 6.000
566 5.000
567 5.000
568 5.000
569 6.000
570 6.000
571 5.000
572 6.000
573 5.000
574 5.000
575 5.000
576 5.000
577 6.000
578 5.000
579 6.000
580 6.000
581 6.000
582 6.000
583 5.000
584 5.000
585 6.000
586 5.000
587 6.000
588 5.000
589 5.000
590 5.000
591 5.000
592 5.000
593 5.000
594 6.000
595 5.000
596 5.000
597 5.000
598 6.000
599 6.000
600 6.000
601 5.000
602 5.000
603 6.000
604 5.000
605 5.000
606 5.000
607 5.000
608 6.000
609 5.000
610 5.000
611 5.000
612 5.000
613 5.000
614 5.000
615 5.000
616 6.000
617 6.000
618 6.000
619 6.000
620 6.000
621 6.000
622 5.000
623 5.000
624 5.000
625 6.000
626 5.000
627 5.000
628 5.000
629 5.000
630 6.000
631 5.000
632 5.000
633 5.000
634 5.000
635 5.000
636 5.000
637 5.000
638 5.000
639 6.000
640 6.000
641 6.000
642 5.000
643 6.000
644 6.000
645 5.000
646 5.000
647 5.000
648 6.000
649 5.000
650 6.000
651 5.000
652 5.000
653 5.000
654 5.000
655 5.000
656 6.000
657 5.000
658 5.000
659 5.000
660 5.000
661 5.000
662 5.000
663 5.000
664 5.000
665 5.000
666 5.000
667 5.000
668 6.000
669 5.000
670 5.000
671 5.000
672 5.000
673 6.000
674 6.000
675 5.000
676 5.000
677 6.000
678 5.000
679 5.000
680 6.000
681 6.000
682 6.000
683 6.000
684 5.000
685 6.000
686 5.000
687 5.000
688 5.000
689 5.000
690 5.000
691 5.000
692 5.000
693 5.000
694 5.000
695 6.000
696 6.000
697 5.000
698 5.000
699 6.000
700 5.000
701 5.000
702 4.000
703 5.000
704 5.000
705 5.000
706 5.000
707 5.000
708 5.000
709 5.000
710 5.000
711 6.000
712 5.000
